1647.66
1648.22
1648.27
1649.05
1648.51
1648.26
1648.39
1647.87
1647.4
1647.38
1647.5
1647.63
1647.46
1646.88
1645.5
1645.72
1645.45
1645.14
1645.34
1645.49
1645.45
1646.41
1646.39
1645.98
1646.18
1646.1
1646.13
1645.43
1644.66
1644.4
1643.88
1644.08
1644.14
1644.06
1645.27
1647.44
1647.48
1646.25
1645.96
1646.06
1644.57
1643.48
1643.49
1642.83
1642.94
1643.03
1643.37
1644.19
1644.77
1644.29
1644.1
1643.99
1643.71
1643.92
1644.35
1644.45
1643.79
1644.06
1644.23
1644.22
1643.21
1643.48
1643.25
1642.8
1642.93
1643.38
1642.98
1642.01
1642.11
1642.16
1642.29
1642.19
1642.09
1642.32
1643.06
1642.47
1642.42
1642.56
1641.86
1633.83
1628.84
1622.7
1611.43
1605.96
1609.18
1611
1609.84
1608.01
1605.59
1599.67
1599
1595.15
1575.61
1562.54
1561.36
1567.01
1571.92
1562.69
1564.76
1568.28
1565.48
1566.14
1563.03
1555.77
1558.69
1558.55
1560.78
1557.22
1557.29
1558.4
1561.87
1557.24
1558.2
1555.84
1554.11
1554.79
1552.25
1551.58
1550.81
1554.36
1554.67
1556.16
1556.6
1557.96
1559.48
1562.02
1562.2
1562.37
1564.17
1562.23
1562.45
1560.33
1561.55
1562.76
1563.9
1563.44
1564.55
1565.23
1565.97
1567.14
1568.9
1568.29
1570.25
1567.89
1567.96
1567.44
1566.97
1569.01
1569.39
1569.71
1569.51
1567.85
1565.92
1565.98
1563.96
1565.75
1564.03
1565.34
1565.93
1567.06
1566.18
1567.3
1566.1
1565.64
1564.85
1565.28
1564.49
1565.86
1565.2
1563.8
1565.89
1564.6
1565.59
1564.46
1565.75
1564.22
1564.54
1564.8
1565.27
1565.66
1565.66
1564.19
1563.89
1562.92
1562.09
1562.59
1562.31
1562.54
1563.81
1562.73
1564.12
1563.11
1562.69
1561.91
1562.79
1562.3
1562.21
1561.95
1561.98
1561.91
1562.83
1562.96
1563.49
1563.65
1565.21
1566.63
1565.95
1567.17
1567.79
1568.31
1567.65
1567.55
1567.72
1567.47
1567.38
1566.83
1566.91
1566.53
1565.9
1567
1567.05
1566.47
1566.4
1566.63
1566.67
1566.79
1564.97
1567.25
1567.43
1567.2
1567.17
1567.31
1566.16
1565.31
1564.64
1564.92
1564.42
1565.04
1565.21
1565.27
1566.42
1563.9
1565.54
1565.75
1565.04
1565.11
1565.38
1565.71
1565.45
1565.56
1566.09
1566.59
1566.48
1565.94
1566.73
1566.82
1567.97
1568.05
1567.95
1567.52
1568.28
1568.36
1568.51
1568.68
1568.69
1568.41
1568.35
1568.3
1568.54
1567.41
1568.26
1568.7
1569.13
1569.58
1569.75
1569.12
1568.71
1567.87
1569.61
1569.72
1569.75
1569.85
1569.01
1569.81
1569.65
1569.64
1569.31
1570.19
1570.12
1570.19
1569.91
1570.28
1570.13
1570.09
1570.74
1571.2
1571.31
1571.77
1572.12
1572.04
1571.62
1571.99
1572.39
1574.61
1574.79
1575.31
1575.78
1576.02
1575.83
1574.62
1574.03
1574.12
1573.35
1572.24
1572.12
1572.25
1572.14
1572.26
1572.28
1572.16
1571.88
1571.9
1572.2
1571.73
1570.93
1569.82
1570.15
1569.76
1570.66
1570.28
1569.44
1569.64
1570.09
1569.82
1570.24
1570.06
1568.66
1568.99
1569.81
1570.48
1570.56
1570.08
1568.68
1568.56
1569.36
1569.31
1569.37
1569.46
1569.85
1569.35
1569.37
1568.1
1568.31
1569.01
1568.49
1568.5
1568.47
1568.28
1568.06
1568.16
1567.49
1566.67
1567.79
1567.75
1568.33
1569.36
1568.97
1568.14
1568.52
1568.09
1567.86
1567.96
1568.02
1569.25
1568.04
1567.84
1567.93
1568.11
1568.68
1568.53
1568.27
1568.27
1567.25
1567.75
1567.38
1567.42
1567.77
1568.04
1569
1570.05
1570.2
1570.07
1569.44
1570.15
1570.3
1570.24
1570.25
1570.42
1569.54
1569.55
1568.77
1566.33
1565.03
1565.23
1565.82
1566.54
1566.75
1566.56
1566.52
1566.59
1566.66
1566.58
1566.89
1567.01
1565.53
1564.94
1565.12
1566.12
1565.96
1565.71
1565.5
1565.18
1564.66
1564.84
1565.44
1565.68
1565.24
1564.22
1564.23
1564.06
1564.81
1564.63
1564.75
1564.55
1565.57
1565.57
1564.63
1564.84
1566.51
1566.02
1566.2
1565.97
1565.58
1565.83
1565.92
1565.97
1566.01
1565.23
1565.33
1565.62
1565.91
1568.09
1567.31
1567.51
1568.93
1569.09
1569.36
1568.5
1569.3
1570.09
1569.86
1570.26
1570.79
1570.54
1570.63
1571.45
1571.31
1570.73
1571.07
1571.19
1571.58
1571.11
1570.24
1569.88
1569.57
1569.3
1569.3
1569.38
1569.2
1568.84
1568.74
1569.2
1569.56
1568.91
1568.96
1569.34
1569.27
1568.4
1567.92
1568.04
1567.9
1567.88
1567.68
1567.55
1567.08
1567.14
1567.24
1567.61
1568.21
1568.3
1568.5
1568.36
1569.06
1569.66
1568.99
1568.81
1568.85
1569.03
1568.77
1568.78
1568.74
1569.03
1569.32
1569.92
1569.47
1568.6
1569.38
1569.88
1569.9
1569.89
1569.89
1570.52
1570.78
1570.78
1570.27
1570.84
1570.89
1570.69
1570.76
1570.67
1570.92
1570.85
1571.47
1571.84
1572.22
1571.66
1571.62
1571.7
1572.29
1571.8
1572.11
1572.12
1572.18
1572.25
1573.44
1574.27
1572.06
1571.54
1571.14
1570.88
1571.45
1571.77
1571.64
1571.21
1571.62
1571.28
1571.52
1571.19
1570.87
1569.98
1570.23
1570.69
1570.3
1569.06
1568.67
1569.26
1568.72
1568.78
1568.56
1567.94
1568.87
1569.3
1568.54
1568.63
1568.41
1568.48
1568.18
1568.48
1568.82
1568.08
1568.01
1567.81
1567.75
1567.2
1567.46
1568.26
1567.98
1568.15
1568.42
1567.1
1567.17
1567.25
1567.14
1567.37
1567.44
1566.86
1567.21
1567.73
1567.02
1566.84
1567.19
1567.18
1567.32
1567.36
1567.49
1567.35
1567.29
1566.85
1566.95
1567.27
1567.25
1567.12
1567.03
1566.83
1566.73
1566.78
1566.77
1567.51
1568.97
1569.36
1569.18
1568.73
1568.82
1568.61
1569.23
1568.81
1569.37
1567.97
1568.12
1568.12
1568.04
1567.92
1568.13
1568.16
1568.12
1568.14
1568.54
1568.91
1568.66
1568.47
1568.68
1568.71
1568.81
1568.96
1568.87
1568.69
1568.67
1568.84
1568.09
1567.5
1566.52
1566.53
1566.67
1566.85
1567.27
1567.12
1567.3
1567.66
1567.35
1567.23
1565.81
1566.31
1566.56
1566.72
1566.78
1566.26
1566.2
1566.54
1566.19
1565.61
1565.1
1564.92
1564.92
1565.25
1565.25
1565.27
1565.02
1565.04
1564.92
1564.7
1564.97
1564.44
1564.83
1565.66
1565.89
1565.71
1565.39
1564.67
1565.05
1564.84
1564.95
1564.87
1564.93
1565.08
1565.25
1565.14
1565.31
1565.36
1566.22
1566.41
1566.6
1566
1564.72
1564.43
1564.96
1564.92
1564.69
1564.57
1564.95
1565.89
1566.48
1566.35
1566.31
1566.37
1566.02
1565.18
1565.21
1565.06
1565.06
1564.74
1564.93
1565.11
1565.46
1565.26
1564.9
1564.9
1565
1565.13
1565.32
1565.2
1565.64
1565.59
1565.71
1566.02
1565.85
1565.73
1565.57
1564.58
1564.56
1564.57
1564.8
1564.68
1564.35
1564.32
1563.36
1563.73
1564.06
1563.37
1564.3
1566.2
1565.6
1565.32
1564.69
1564.7
1565.83
1564.99
1565.02
1564.46
1565.19
1565.47
1564.95
1564.64
1564.61
1564.55
1564.67
1564.45
1563.8
1563.72
1565.49
1562.35
1565.7
1565.71
1565.57
1565.52
1565.47
1565.45
1565.44
1565.33
1564.7
1565.12
1565.57
1565.22
1565.15
1564.88
1564.51
1564.5
1564.25
1564.39
1564.16
1564.69
1564.62
1565.18
1565.41
1565.09
1565.02
1565.29
1564.88
1564.72
1564.92
1565.39
1566.82
1566.79
1566.71
1567.97
1567.81
1568.83
1570.23
1570.14
1569.3
1569.61
1569.85
1569.26
1569.28
1569.17
1568.74
1568.57
1568.43
1568.47
1568.25
1568.44
1568.26
1568.07
1567.71
1567.75
1566.92
1566.86
1566.21
1563.57
1565.66
1571.23
1568.36
1568.74
1569.62
1571.55
1571.13
1570.7
1571.1
1573.11
1573.52
1572.74
1573.78
1573.73
1573.31
1573.64
1576.71
1577.66
1578.38
1576.47
1575.91
1577
1577.41
1575.76
1576.69
1576.63
1575.83
1575.69
1574.74
1574.81
1574.88
1574.51
1574.22
1574.14
1573.64
1573.77
1573.94
1572.8
1573.61
1573.02
1573.53
1573.86
1574.2
1572.69
1574.37
1574.76
1573.94
1573.47
1573.29
1571.75
1572.66
1573.02
1572.18
1572.19
1572.67
1572.91
1573.9
1573.44
1575.13
1575.51
1573.56
1573.61
1572.71
1573.26
1571.48
1572.89
1572.26
1572.52
1572.08
1572.05
1571.63
1571.13
1571.51
1570
1569
1566.98
1566.47
1568.08
1566.24
1566.7
1566.68
1567.64
1568.14
1568.64
1568.47
1567.89
1569.63
1574.85
1573.56
1572.13
1573.34
1571.96
1572.46
1571.84
1571.24
1571.55
1572.65
1571.84
1573.24
1572.02
1571.7
1571.34
1571.5
1571.76
1571.46
1571.05
1569.39
1568.9
1568.63
1569.14
1568.18
1568.01
1567.82
1567.4
1566.91
1565.99
1565.85
1566.84
1567.03
1566.41
1566.38
1565.68
1565.55
1566.16
1566.32
1565.92
1565.11
1565.66
1565.99
1566.72
1566.11
1566.62
1566.36
1566.55
1567.19
1568.89
1566.87
1567.23
1569.05
1568.87
1568.97
1568.77
1568.61
1567.53
1566.5
1566.93
1566.68
1566.31
1566.13
1567.67
1567.33
1567.49
1567.28
1567.31
1567.54
1568.59
1568.89
1567.25
1566.63
1566.2
1566.26
1566.27
1566.74
1568.2
1568.08
1568.37
1568.44
1567.12
1566.9
1566.3
1567.33
1566.66
1566.37
1566.2
1566.63
1566.49
1567.93
1567.56
1567.71
1567.91
1567.09
1567.29
1567.39
1567.19
1567.2
1568.19
1568.14
1568.85
1569.08
1567.88
1567.91
1568.93
1569.21
1570.56
1570.82
1572.32
1571.97
1572.1
1572.88
1571.97
1572.03
1572.07
1572.13
1572.56
1572.72
1572.3
1572.37
1571.4
1571.2
1571.01
1570.82
1570.1
1570.56
1571
1571.09
1571.81
1571.95
1571.02
1571.13
1572.09
1572.14
1572.37
1572.57
1572.44
1571.87
1572.7
1572.8
1571.89
1571.54
1570.95
1571.06
1570.99
1571.39
1571.36
1571.14
1571.56
1571.35
1571.63
1571.67
1572.39
1572.69
1572.83
1572.63
1573.23
1573.08
1573.27
1573.37
1573.6
1573.52
1573.92
1572.9
1572.59
1572.52
1572.45
1571.76
1572.45
1571.72
1571.89
1571.71
1572.25
1572.34
1572.46
1573.1
1573.09
1572.75
1572.98
1572.4
1572.57
1571.77
1571.89
1571.18
1571.18
1571.08
1571.19
1570.88
1569.33
1568.92
1568.16
1568.73
1569.33
1569.15
1569.31
1568.4
1568.28
1567.72
1567.37
1565.4
1565.27
1565.54
1564.69
1564.13
1564.2
1564.3
1559.09
1554.74
1558.07
1558.34
1561.2
1561.16
1558.52
1557.72
1557.88
1558.7
1559.17
1561.46
1562.18
1562.88
1562.24
1561.59
1561.3
1560.67
1559.84
1560.05
1559.81
1559.29
1559.31
1559.1
1559.31
1559.14
1559.82
1559.52
1559.61
1559.25
1557.76
1558.99
1559.25
1559.36
1559.82
1559.6
1561.05
1562.31
1561.78
1561.57
1562.25
1561.26
1561.31
1561.23
1561.33
1561.57
1560.86
1560.8
1559.85
1560.22
1559.76
1560.18
1560.48
1560.5
1560.33
1560.71
1560.37
1560.43
1559.82
1560.14
1559.86
1559.74
1560.96
1561.43
1562.46
1562.51
1562.2
1562.38
1562.29
1562.44
1564.33
1565.5
1565.83
1567.11
1566.83
1566.07
1565.72
1565.83
1565.75
1565.53
1566.01
1566.42
1566.42
1566.1
1567.01
1566.9
1566.5
1566.37
1566.62
1566.32
1566.18
1565.68
1566.38
1565.88
1565.6
1565.55
1566.23
1566.11
1565.81
1563.66
1563.63
1563.67
1563.72
1563.89
1563.96
1563.08
1563
1563.11
1563.72
1563.72
1563.33
1563.38
1563.73
1562.76
1562.68
1562.06
1560.33
1559.72
1559.62
1559.96
1560.23
1559.43
1559.18
1559.18
1559.87
1560.07
1559.81
1559.84
1559.17
1559.75
1560.32
1560.21
1559.15
1559.8
1560.42
1560.48
1560.27
1560.03
1559.95
1559.39
1558.13
1559.27
1559.85
1559.87
1559.86
1559.39
1560.05
1559.12
1558.86
1556.86
1555.98
1554.87
1555.14
1555.74
1555.25
1555.08
1555.71
1555.7
1555.16
1553.13
1549.17
1551.09
1557.21
1557.31
1559.19
1558.52
1558.69
1558.77
1558.61
1558.64
1558.91
1559.58
1560.34
1560.68
1561.33
1560.14
1560.71
1559.53
1559.21
1558.37
1559.17
1559.07
1559.44
1559.19
1559.98
1560.1
1560.02
1561.44
1554.82
1554.15
1555.79
1554.4
1556.63
1559.8
1560.23
1559.9
1559.03
1560.03
1560.12
1559.64
1559.91
1559.38
1559.22
1560.29
1560.47
1561.39
1561.66
1562.07
1561.54
1559.96
1560.75
1560.41
1561.53
1561.54
1560.89
1561.5
1561.58
1561.72
1562.37
1562.47
1562.7
1562.09
1561.78
1562.1
1562.14
1562.09
1561.7
1560.75
1560.51
1561.12
1562.2
1563.35
1563.85
1563.87
1564.16
1564.2
1563.93
1563.64
1563.89
1564.41
1564.46
1564.34
1563.97
1563.58
1563.54
1564.37
1564.99
1564.86
1565.4
1565.57
1565.91
1565.16
1565.1
1565.52
1566.21
1566.13
1567.9
1567.13
1567.21
1566.83
1567.61
1567.9
1567.72
1568.41
1568.43
1568.23
1568.35
1568.74
1569.58
1568.96
1570.13
1569.34
1570.1
1570.07
1570.16
1569.84
1569.34
1569.08
1569.76
1568.99
1568.42
1569.28
1569.17
1568.73
1568.99
1569.18
1569.96
1569.76
1569.41
1569.88
1570.77
1569.54
1569.99
1569.87
1569.05
1569.01
1568.98
1569.44
1570.64
1569.92
1569.34
1569.93
1568.9
1569.74
1570.01
1569.88
1569.9
1569.34
1568.69
1569.22
1570.05
1569.15
1569.68
1569.1
1567.97
1568.65
1568.51
1568.7
1569.39
1569.81
